(kicad_pcb (version 20171130) (host pcbnew "(5.0.0)")

  (general
    (thickness 1.6)
    (drawings 63)
    (tracks 0)
    (zones 0)
    (modules 81)
    (nets 63)
  )

  (page A4)
  (layers
    (0 F.Cu signal)
    (31 B.Cu signal)
    (32 B.Adhes user)
    (33 F.Adhes user)
    (34 B.Paste user)
    (35 F.Paste user)
    (36 B.SilkS user)
    (37 F.SilkS user)
    (38 B.Mask user)
    (39 F.Mask user)
    (40 Dwgs.User user)
    (41 Cmts.User user)
    (42 Eco1.User user)
    (43 Eco2.User user)
    (44 Edge.Cuts user)
    (45 Margin user)
    (46 B.CrtYd user)
    (47 F.CrtYd user)
    (48 B.Fab user)
    (49 F.Fab user)
  )

  (setup
    (last_trace_width 0.25)
    (trace_clearance 0.2)
    (zone_clearance 0.508)
    (zone_45_only no)
    (trace_min 0.2)
    (segment_width 0.2)
    (edge_width 0.1)
    (via_size 0.8)
    (via_drill 0.4)
    (via_min_size 0.4)
    (via_min_drill 0.3)
    (uvia_size 0.3)
    (uvia_drill 0.1)
    (uvias_allowed no)
    (uvia_min_size 0.2)
    (uvia_min_drill 0.1)
    (pcb_text_width 0.3)
    (pcb_text_size 1.5 1.5)
    (mod_edge_width 0.15)
    (mod_text_size 1 1)
    (mod_text_width 0.15)
    (pad_size 1.5 1.5)
    (pad_drill 0.6)
    (pad_to_mask_clearance 0)
    (aux_axis_origin 0 0)
    (grid_origin 127.254 98.044)
    (visible_elements 7FFFFFFF)
    (pcbplotparams
      (layerselection 0x010fc_ffffffff)
      (usegerberextensions false)
      (usegerberattributes false)
      (usegerberadvancedattributes false)
      (creategerberjobfile false)
      (excludeedgelayer true)
      (linewidth 0.100000)
      (plotframeref false)
      (viasonmask false)
      (mode 1)
      (useauxorigin false)
      (hpglpennumber 1)
      (hpglpenspeed 20)
      (hpglpendiameter 15.000000)
      (psnegative false)
      (psa4output false)
      (plotreference true)
      (plotvalue true)
      (plotinvisibletext false)
      (padsonsilk false)
      (subtractmaskfromsilk false)
      (outputformat 1)
      (mirror false)
      (drillshape 1)
      (scaleselection 1)
      (outputdirectory ""))
  )

  (net 0 "")
  (net 1 -12V)
  (net 2 +12V)
  (net 3 /MCU328/PD3)
  (net 4 /MCU328/PD4)
  (net 5 /MCU328/PE0)
  (net 6 +5V)
  (net 7 /MCU328/PE1)
  (net 8 /MCU328/PD5)
  (net 9 /MCU328/PD6)
  (net 10 /MCU328/PD7)
  (net 11 /MCU328/PB0)
  (net 12 /MCU328/PB1)
  (net 13 /MCU328/PB2)
  (net 14 /MCU328/PE2)
  (net 15 /MCU328/PE3)
  (net 16 /MCU328/PC0)
  (net 17 /MCU328/PC1)
  (net 18 /MCU328/PC2)
  (net 19 /MCU328/PC3)
  (net 20 /MCU328/PC4)
  (net 21 /MCU328/PC5)
  (net 22 /MCU328/RXD/PD0)
  (net 23 /MCU328/TXD/PD1)
  (net 24 /MCU328/PD2)
  (net 25 "Net-(J-CV1-PadTN)")
  (net 26 "Net-(J-CV1-PadT)")
  (net 27 "Net-(J-Gate1-PadT)")
  (net 28 "Net-(J-Inv1-PadTN)")
  (net 29 "Net-(J-Inv1-PadT)")
  (net 30 "Net-(J-Out1-PadT)")
  (net 31 "Net-(J-Out1-PadTN)")
  (net 32 "Net-(J-Trig1-PadT)")
  (net 33 "Net-(C5-Pad1)")
  (net 34 "Net-(D1-Pad2)")
  (net 35 "Net-(D3-Pad2)")
  (net 36 "Net-(D5-Pad2)")
  (net 37 "Net-(C1-Pad1)")
  (net 38 "Net-(C2-Pad1)")
  (net 39 "Net-(C3-Pad1)")
  (net 40 "Net-(C4-Pad1)")
  (net 41 "Net-(C7-Pad1)")
  (net 42 "Net-(C6-Pad2)")
  (net 43 "Net-(C6-Pad1)")
  (net 44 "Net-(C8-Pad2)")
  (net 45 "Net-(C8-Pad1)")
  (net 46 "Net-(D9-Pad2)")
  (net 47 "Net-(D7-Pad2)")
  (net 48 "Net-(D8-Pad1)")
  (net 49 "Net-(D10-Pad2)")
  (net 50 "Net-(D11-Pad2)")
  (net 51 "Net-(D12-Pad2)")
  (net 52 "Net-(D13-Pad2)")
  (net 53 "Net-(J2-Pad5)")
  (net 54 "Net-(C19-Pad2)")
  (net 55 "Net-(C20-Pad2)")
  (net 56 "Net-(J2-Pad4)")
  (net 57 "Net-(J2-Pad1)")
  (net 58 "Net-(J2-Pad3)")
  (net 59 "Net-(C16-Pad2)")
  (net 60 "Net-(J3-Pad2)")
  (net 61 "Net-(J3-Pad3)")
  (net 62 "Net-(J3-Pad6)")

  (net_class Default "This is the default net class."
    (clearance 0.2)
    (trace_width 0.25)
    (via_dia 0.8)
    (via_drill 0.4)
    (uvia_dia 0.3)
    (uvia_drill 0.1)
    (add_net +12V)
    (add_net +5V)
    (add_net -12V)
    (add_net /MCU328/PB0)
    (add_net /MCU328/PB1)
    (add_net /MCU328/PB2)
    (add_net /MCU328/PC0)
    (add_net /MCU328/PC1)
    (add_net /MCU328/PC2)
    (add_net /MCU328/PC3)
    (add_net /MCU328/PC4)
    (add_net /MCU328/PC5)
    (add_net /MCU328/PD2)
    (add_net /MCU328/PD3)
    (add_net /MCU328/PD4)
    (add_net /MCU328/PD5)
    (add_net /MCU328/PD6)
    (add_net /MCU328/PD7)
    (add_net /MCU328/PE0)
    (add_net /MCU328/PE1)
    (add_net /MCU328/PE2)
    (add_net /MCU328/PE3)
    (add_net /MCU328/RXD/PD0)
    (add_net /MCU328/TXD/PD1)
    (add_net "Net-(C1-Pad1)")
    (add_net "Net-(C16-Pad2)")
    (add_net "Net-(C19-Pad2)")
    (add_net "Net-(C2-Pad1)")
    (add_net "Net-(C20-Pad2)")
    (add_net "Net-(C3-Pad1)")
    (add_net "Net-(C4-Pad1)")
    (add_net "Net-(C5-Pad1)")
    (add_net "Net-(C6-Pad1)")
    (add_net "Net-(C6-Pad2)")
    (add_net "Net-(C7-Pad1)")
    (add_net "Net-(C8-Pad1)")
    (add_net "Net-(C8-Pad2)")
    (add_net "Net-(D1-Pad2)")
    (add_net "Net-(D10-Pad2)")
    (add_net "Net-(D11-Pad2)")
    (add_net "Net-(D12-Pad2)")
    (add_net "Net-(D13-Pad2)")
    (add_net "Net-(D3-Pad2)")
    (add_net "Net-(D5-Pad2)")
    (add_net "Net-(D7-Pad2)")
    (add_net "Net-(D8-Pad1)")
    (add_net "Net-(D9-Pad2)")
    (add_net "Net-(J-CV1-PadT)")
    (add_net "Net-(J-CV1-PadTN)")
    (add_net "Net-(J-Gate1-PadT)")
    (add_net "Net-(J-Inv1-PadT)")
    (add_net "Net-(J-Inv1-PadTN)")
    (add_net "Net-(J-Out1-PadT)")
    (add_net "Net-(J-Out1-PadTN)")
    (add_net "Net-(J-Trig1-PadT)")
    (add_net "Net-(J2-Pad1)")
    (add_net "Net-(J2-Pad3)")
    (add_net "Net-(J2-Pad4)")
    (add_net "Net-(J2-Pad5)")
    (add_net "Net-(J3-Pad2)")
    (add_net "Net-(J3-Pad3)")
    (add_net "Net-(J3-Pad6)")
  )

  (module Crystal:Crystal_SMD_Abracon_ABM3-2Pin_5.0x3.2mm (layer B.Cu) (tedit 5A0FD1B2) (tstamp 5B76394A)
    (at 127.889 80.899)
    (descr "Abracon Miniature Ceramic Smd Crystal ABM3 http://www.abracon.com/Resonators/abm3.pdf, 5.0x3.2mm^2 package")
    (tags "SMD SMT crystal")
    (path /5B5A3E1E/5B9B7022)
    (attr smd)
    (fp_text reference Y1 (at 0 2.8) (layer B.SilkS)
      (effects (font (size 1 1) (thickness 0.15)) (justify mirror))
    )
    (fp_text value 20MHz (at 0 -2.8) (layer B.Fab)
      (effects (font (size 1 1) (thickness 0.15)) (justify mirror))
    )
    (fp_circle (center 0 0) (end 0.116667 0) (layer B.Adhes) (width 0.233333))
    (fp_circle (center 0 0) (end 0.266667 0) (layer B.Adhes) (width 0.166667))
    (fp_circle (center 0 0) (end 0.416667 0) (layer B.Adhes) (width 0.166667))
    (fp_circle (center 0 0) (end 0.5 0) (layer B.Adhes) (width 0.1))
    (fp_line (start 3.3 1.9) (end -3.3 1.9) (layer B.CrtYd) (width 0.05))
    (fp_line (start 3.3 -1.9) (end 3.3 1.9) (layer B.CrtYd) (width 0.05))
    (fp_line (start -3.3 -1.9) (end 3.3 -1.9) (layer B.CrtYd) (width 0.05))
    (fp_line (start -3.3 1.9) (end -3.3 -1.9) (layer B.CrtYd) (width 0.05))
    (fp_line (start -3.2 -1.8) (end 2.7 -1.8) (layer B.SilkS) (width 0.12))
    (fp_line (start -3.2 1.8) (end -3.2 -1.8) (layer B.SilkS) (width 0.12))
    (fp_line (start 2.7 1.8) (end -3.2 1.8) (layer B.SilkS) (width 0.12))
    (fp_line (start -2.5 -0.6) (end -1.5 -1.6) (layer B.Fab) (width 0.1))
    (fp_line (start -2.5 1.4) (end -2.3 1.6) (layer B.Fab) (width 0.1))
    (fp_line (start -2.5 -1.4) (end -2.5 1.4) (layer B.Fab) (width 0.1))
    (fp_line (start -2.3 -1.6) (end -2.5 -1.4) (layer B.Fab) (width 0.1))
    (fp_line (start 2.3 -1.6) (end -2.3 -1.6) (layer B.Fab) (width 0.1))
    (fp_line (start 2.5 -1.4) (end 2.3 -1.6) (layer B.Fab) (width 0.1))
    (fp_line (start 2.5 1.4) (end 2.5 -1.4) (layer B.Fab) (width 0.1))
    (fp_line (start 2.3 1.6) (end 2.5 1.4) (layer B.Fab) (width 0.1))
    (fp_line (start -2.3 1.6) (end 2.3 1.6) (layer B.Fab) (width 0.1))
    (fp_text user %R (at 0 0) (layer B.Fab)
      (effects (font (size 1 1) (thickness 0.15)) (justify mirror))
    )
    (pad 2 smd rect (at 2.05 0) (size 1.9 2.4) (layers B.Cu B.Paste B.Mask)
      (net 55 "Net-(C20-Pad2)"))
    (pad 1 smd rect (at -2.05 0) (size 1.9 2.4) (layers B.Cu B.Paste B.Mask)
      (net 54 "Net-(C19-Pad2)"))
    (model ${KISYS3DMOD}/Crystal.3dshapes/Crystal_SMD_Abracon_ABM3-2Pin_5.0x3.2mm.wrl
      (at (xyz 0 0 0))
      (scale (xyz 1 1 1))
      (rotate (xyz 0 0 0))
    )
  )

  (module Button_Switch_THT:SW_PUSH_6mm_H9.5mm (layer B.Cu) (tedit 5A02FE31) (tstamp 5B9A6098)
    (at 130.429 66.294 180)
    (descr "tactile push button, 6x6mm e.g. PHAP33xx series, height=9.5mm")
    (tags "tact sw push 6mm")
    (path /5B5A3E1E/5B9C2DBB)
    (fp_text reference SW3 (at 3.25 2 180) (layer B.SilkS)
      (effects (font (size 1 1) (thickness 0.15)) (justify mirror))
    )
    (fp_text value SW_Push (at 3.75 -6.7 180) (layer B.Fab)
      (effects (font (size 1 1) (thickness 0.15)) (justify mirror))
    )
    (fp_text user %R (at 3.25 -2.25 180) (layer B.Fab)
      (effects (font (size 1 1) (thickness 0.15)) (justify mirror))
    )
    (fp_line (start 3.25 0.75) (end 6.25 0.75) (layer B.Fab) (width 0.1))
    (fp_line (start 6.25 0.75) (end 6.25 -5.25) (layer B.Fab) (width 0.1))
    (fp_line (start 6.25 -5.25) (end 0.25 -5.25) (layer B.Fab) (width 0.1))
    (fp_line (start 0.25 -5.25) (end 0.25 0.75) (layer B.Fab) (width 0.1))
    (fp_line (start 0.25 0.75) (end 3.25 0.75) (layer B.Fab) (width 0.1))
    (fp_line (start 7.75 -6) (end 8 -6) (layer B.CrtYd) (width 0.05))
    (fp_line (start 8 -6) (end 8 -5.75) (layer B.CrtYd) (width 0.05))
    (fp_line (start 7.75 1.5) (end 8 1.5) (layer B.CrtYd) (width 0.05))
    (fp_line (start 8 1.5) (end 8 1.25) (layer B.CrtYd) (width 0.05))
    (fp_line (start -1.5 1.25) (end -1.5 1.5) (layer B.CrtYd) (width 0.05))
    (fp_line (start -1.5 1.5) (end -1.25 1.5) (layer B.CrtYd) (width 0.05))
    (fp_line (start -1.5 -5.75) (end -1.5 -6) (layer B.CrtYd) (width 0.05))
    (fp_line (start -1.5 -6) (end -1.25 -6) (layer B.CrtYd) (width 0.05))
    (fp_line (start -1.25 1.5) (end 7.75 1.5) (layer B.CrtYd) (width 0.05))
    (fp_line (start -1.5 -5.75) (end -1.5 1.25) (layer B.CrtYd) (width 0.05))
    (fp_line (start 7.75 -6) (end -1.25 -6) (layer B.CrtYd) (width 0.05))
    (fp_line (start 8 1.25) (end 8 -5.75) (layer B.CrtYd) (width 0.05))
    (fp_line (start 1 -5.5) (end 5.5 -5.5) (layer B.SilkS) (width 0.12))
    (fp_line (start -0.25 -1.5) (end -0.25 -3) (layer B.SilkS) (width 0.12))
    (fp_line (start 5.5 1) (end 1 1) (layer B.SilkS) (width 0.12))
    (fp_line (start 6.75 -3) (end 6.75 -1.5) (layer B.SilkS) (width 0.12))
    (fp_circle (center 3.25 -2.25) (end 1.25 -2.5) (layer B.Fab) (width 0.1))
    (pad 2 thru_hole circle (at 0 -4.5 90) (size 2 2) (drill 1.1) (layers *.Cu *.Mask))
    (pad 1 thru_hole circle (at 0 0 90) (size 2 2) (drill 1.1) (layers *.Cu *.Mask)
      (net 53 "Net-(J2-Pad5)"))
    (pad 2 thru_hole circle (at 6.5 -4.5 90) (size 2 2) (drill 1.1) (layers *.Cu *.Mask))
    (pad 1 thru_hole circle (at 6.5 0 90) (size 2 2) (drill 1.1) (layers *.Cu *.Mask)
      (net 53 "Net-(J2-Pad5)"))
    (model ${KISYS3DMOD}/Button_Switch_THT.3dshapes/SW_PUSH_6mm_H9.5mm.wrl
      (at (xyz 0 0 0))
      (scale (xyz 1 1 1))
      (rotate (xyz 0 0 0))
    )
  )

  (module Capacitor_SMD:C_0805_2012Metric (layer B.Cu) (tedit 5B36C52B) (tstamp 5B9A5F6F)
    (at 125.984 77.089 270)
    (descr "Capacitor SMD 0805 (2012 Metric), square (rectangular) end terminal, IPC_7351 nominal, (Body size source: https://docs.google.com/spreadsheets/d/1BsfQQcO9C6DZCsRaXUlFlo91Tg2WpOkGARC1WS5S8t0/edit?usp=sharing), generated with kicad-footprint-generator")
    (tags capacitor)
    (path /5B5A3E1E/5B9B7066)
    (attr smd)
    (fp_text reference C19 (at 0 1.65 270) (layer B.SilkS)
      (effects (font (size 1 1) (thickness 0.15)) (justify mirror))
    )
    (fp_text value 22p (at 0 -1.65 270) (layer B.Fab)
      (effects (font (size 1 1) (thickness 0.15)) (justify mirror))
    )
    (fp_line (start -1 -0.6) (end -1 0.6) (layer B.Fab) (width 0.1))
    (fp_line (start -1 0.6) (end 1 0.6) (layer B.Fab) (width 0.1))
    (fp_line (start 1 0.6) (end 1 -0.6) (layer B.Fab) (width 0.1))
    (fp_line (start 1 -0.6) (end -1 -0.6) (layer B.Fab) (width 0.1))
    (fp_line (start -0.258578 0.71) (end 0.258578 0.71) (layer B.SilkS) (width 0.12))
    (fp_line (start -0.258578 -0.71) (end 0.258578 -0.71) (layer B.SilkS) (width 0.12))
    (fp_line (start -1.68 -0.95) (end -1.68 0.95) (layer B.CrtYd) (width 0.05))
    (fp_line (start -1.68 0.95) (end 1.68 0.95) (layer B.CrtYd) (width 0.05))
    (fp_line (start 1.68 0.95) (end 1.68 -0.95) (layer B.CrtYd) (width 0.05))
    (fp_line (start 1.68 -0.95) (end -1.68 -0.95) (layer B.CrtYd) (width 0.05))
    (fp_text user %R (at 0 0 270) (layer B.Fab)
      (effects (font (size 0.5 0.5) (thickness 0.08)) (justify mirror))
    )
    (pad 1 smd roundrect (at -0.9375 0 270) (size 0.975 1.4) (layers B.Cu B.Paste B.Mask) (roundrect_rratio 0.25))
    (pad 2 smd roundrect (at 0.9375 0 270) (size 0.975 1.4) (layers B.Cu B.Paste B.Mask) (roundrect_rratio 0.25)
      (net 54 "Net-(C19-Pad2)"))
    (model ${KISYS3DMOD}/Capacitor_SMD.3dshapes/C_0805_2012Metric.wrl
      (at (xyz 0 0 0))
      (scale (xyz 1 1 1))
      (rotate (xyz 0 0 0))
    )
  )

  (module Capacitor_SMD:C_0805_2012Metric (layer B.Cu) (tedit 5B36C52B) (tstamp 5B9A5F5E)
    (at 122.504 83.044 270)
    (descr "Capacitor SMD 0805 (2012 Metric), square (rectangular) end terminal, IPC_7351 nominal, (Body size source: https://docs.google.com/spreadsheets/d/1BsfQQcO9C6DZCsRaXUlFlo91Tg2WpOkGARC1WS5S8t0/edit?usp=sharing), generated with kicad-footprint-generator")
    (tags capacitor)
    (path /5B5A3E1E/5B9B72F4)
    (attr smd)
    (fp_text reference C18 (at 0 1.65 270) (layer B.SilkS)
      (effects (font (size 1 1) (thickness 0.15)) (justify mirror))
    )
    (fp_text value 100n (at 0 -1.65 270) (layer B.Fab)
      (effects (font (size 1 1) (thickness 0.15)) (justify mirror))
    )
    (fp_text user %R (at 0 0 270) (layer B.Fab)
      (effects (font (size 0.5 0.5) (thickness 0.08)) (justify mirror))
    )
    (fp_line (start 1.68 -0.95) (end -1.68 -0.95) (layer B.CrtYd) (width 0.05))
    (fp_line (start 1.68 0.95) (end 1.68 -0.95) (layer B.CrtYd) (width 0.05))
    (fp_line (start -1.68 0.95) (end 1.68 0.95) (layer B.CrtYd) (width 0.05))
    (fp_line (start -1.68 -0.95) (end -1.68 0.95) (layer B.CrtYd) (width 0.05))
    (fp_line (start -0.258578 -0.71) (end 0.258578 -0.71) (layer B.SilkS) (width 0.12))
    (fp_line (start -0.258578 0.71) (end 0.258578 0.71) (layer B.SilkS) (width 0.12))
    (fp_line (start 1 -0.6) (end -1 -0.6) (layer B.Fab) (width 0.1))
    (fp_line (start 1 0.6) (end 1 -0.6) (layer B.Fab) (width 0.1))
    (fp_line (start -1 0.6) (end 1 0.6) (layer B.Fab) (width 0.1))
    (fp_line (start -1 -0.6) (end -1 0.6) (layer B.Fab) (width 0.1))
    (pad 2 smd roundrect (at 0.9375 0 270) (size 0.975 1.4) (layers B.Cu B.Paste B.Mask) (roundrect_rratio 0.25)
      (net 6 +5V))
    (pad 1 smd roundrect (at -0.9375 0 270) (size 0.975 1.4) (layers B.Cu B.Paste B.Mask) (roundrect_rratio 0.25))
    (model ${KISYS3DMOD}/Capacitor_SMD.3dshapes/C_0805_2012Metric.wrl
      (at (xyz 0 0 0))
      (scale (xyz 1 1 1))
      (rotate (xyz 0 0 0))
    )
  )

  (module Capacitor_SMD:C_0805_2012Metric (layer B.Cu) (tedit 5B36C52B) (tstamp 5B9A5F4D)
    (at 130.754 96.794 270)
    (descr "Capacitor SMD 0805 (2012 Metric), square (rectangular) end terminal, IPC_7351 nominal, (Body size source: https://docs.google.com/spreadsheets/d/1BsfQQcO9C6DZCsRaXUlFlo91Tg2WpOkGARC1WS5S8t0/edit?usp=sharing), generated with kicad-footprint-generator")
    (tags capacitor)
    (path /5B5A3E1E/5B9B72B7)
    (attr smd)
    (fp_text reference C17 (at 0 1.65 270) (layer B.SilkS)
      (effects (font (size 1 1) (thickness 0.15)) (justify mirror))
    )
    (fp_text value 100n (at 0 -1.65 270) (layer B.Fab)
      (effects (font (size 1 1) (thickness 0.15)) (justify mirror))
    )
    (fp_line (start -1 -0.6) (end -1 0.6) (layer B.Fab) (width 0.1))
    (fp_line (start -1 0.6) (end 1 0.6) (layer B.Fab) (width 0.1))
    (fp_line (start 1 0.6) (end 1 -0.6) (layer B.Fab) (width 0.1))
    (fp_line (start 1 -0.6) (end -1 -0.6) (layer B.Fab) (width 0.1))
    (fp_line (start -0.258578 0.71) (end 0.258578 0.71) (layer B.SilkS) (width 0.12))
    (fp_line (start -0.258578 -0.71) (end 0.258578 -0.71) (layer B.SilkS) (width 0.12))
    (fp_line (start -1.68 -0.95) (end -1.68 0.95) (layer B.CrtYd) (width 0.05))
    (fp_line (start -1.68 0.95) (end 1.68 0.95) (layer B.CrtYd) (width 0.05))
    (fp_line (start 1.68 0.95) (end 1.68 -0.95) (layer B.CrtYd) (width 0.05))
    (fp_line (start 1.68 -0.95) (end -1.68 -0.95) (layer B.CrtYd) (width 0.05))
    (fp_text user %R (at 0 0 270) (layer B.Fab)
      (effects (font (size 0.5 0.5) (thickness 0.08)) (justify mirror))
    )
    (pad 1 smd roundrect (at -0.9375 0 270) (size 0.975 1.4) (layers B.Cu B.Paste B.Mask) (roundrect_rratio 0.25)
      (net 6 +5V))
    (pad 2 smd roundrect (at 0.9375 0 270) (size 0.975 1.4) (layers B.Cu B.Paste B.Mask) (roundrect_rratio 0.25))
    (model ${KISYS3DMOD}/Capacitor_SMD.3dshapes/C_0805_2012Metric.wrl
      (at (xyz 0 0 0))
      (scale (xyz 1 1 1))
      (rotate (xyz 0 0 0))
    )
  )

  (module Capacitor_SMD:C_0805_2012Metric (layer B.Cu) (tedit 5B36C52B) (tstamp 5B9A5F3C)
    (at 122.504 94.544 90)
    (descr "Capacitor SMD 0805 (2012 Metric), square (rectangular) end terminal, IPC_7351 nominal, (Body size source: https://docs.google.com/spreadsheets/d/1BsfQQcO9C6DZCsRaXUlFlo91Tg2WpOkGARC1WS5S8t0/edit?usp=sharing), generated with kicad-footprint-generator")
    (tags capacitor)
    (path /5B5A3E1E/5B9B7324)
    (attr smd)
    (fp_text reference C16 (at 0 1.65 90) (layer B.SilkS)
      (effects (font (size 1 1) (thickness 0.15)) (justify mirror))
    )
    (fp_text value 100n (at 0 -1.65 90) (layer B.Fab)
      (effects (font (size 1 1) (thickness 0.15)) (justify mirror))
    )
    (fp_text user %R (at 0 0 90) (layer B.Fab)
      (effects (font (size 0.5 0.5) (thickness 0.08)) (justify mirror))
    )
    (fp_line (start 1.68 -0.95) (end -1.68 -0.95) (layer B.CrtYd) (width 0.05))
    (fp_line (start 1.68 0.95) (end 1.68 -0.95) (layer B.CrtYd) (width 0.05))
    (fp_line (start -1.68 0.95) (end 1.68 0.95) (layer B.CrtYd) (width 0.05))
    (fp_line (start -1.68 -0.95) (end -1.68 0.95) (layer B.CrtYd) (width 0.05))
    (fp_line (start -0.258578 -0.71) (end 0.258578 -0.71) (layer B.SilkS) (width 0.12))
    (fp_line (start -0.258578 0.71) (end 0.258578 0.71) (layer B.SilkS) (width 0.12))
    (fp_line (start 1 -0.6) (end -1 -0.6) (layer B.Fab) (width 0.1))
    (fp_line (start 1 0.6) (end 1 -0.6) (layer B.Fab) (width 0.1))
    (fp_line (start -1 0.6) (end 1 0.6) (layer B.Fab) (width 0.1))
    (fp_line (start -1 -0.6) (end -1 0.6) (layer B.Fab) (width 0.1))
    (pad 2 smd roundrect (at 0.9375 0 90) (size 0.975 1.4) (layers B.Cu B.Paste B.Mask) (roundrect_rratio 0.25)
      (net 59 "Net-(C16-Pad2)"))
    (pad 1 smd roundrect (at -0.9375 0 90) (size 0.975 1.4) (layers B.Cu B.Paste B.Mask) (roundrect_rratio 0.25))
    (model ${KISYS3DMOD}/Capacitor_SMD.3dshapes/C_0805_2012Metric.wrl
      (at (xyz 0 0 0))
      (scale (xyz 1 1 1))
      (rotate (xyz 0 0 0))
    )
  )

  (module Capacitor_SMD:C_0805_2012Metric (layer B.Cu) (tedit 5B36C52B) (tstamp 5B9A5DCB)
    (at 129.794 77.089 270)
    (descr "Capacitor SMD 0805 (2012 Metric), square (rectangular) end terminal, IPC_7351 nominal, (Body size source: https://docs.google.com/spreadsheets/d/1BsfQQcO9C6DZCsRaXUlFlo91Tg2WpOkGARC1WS5S8t0/edit?usp=sharing), generated with kicad-footprint-generator")
    (tags capacitor)
    (path /5B5A3E1E/5B9B70CD)
    (attr smd)
    (fp_text reference C20 (at 0 1.65 270) (layer B.SilkS)
      (effects (font (size 1 1) (thickness 0.15)) (justify mirror))
    )
    (fp_text value 22p (at 0 -1.65 270) (layer B.Fab)
      (effects (font (size 1 1) (thickness 0.15)) (justify mirror))
    )
    (fp_line (start -1 -0.6) (end -1 0.6) (layer B.Fab) (width 0.1))
    (fp_line (start -1 0.6) (end 1 0.6) (layer B.Fab) (width 0.1))
    (fp_line (start 1 0.6) (end 1 -0.6) (layer B.Fab) (width 0.1))
    (fp_line (start 1 -0.6) (end -1 -0.6) (layer B.Fab) (width 0.1))
    (fp_line (start -0.258578 0.71) (end 0.258578 0.71) (layer B.SilkS) (width 0.12))
    (fp_line (start -0.258578 -0.71) (end 0.258578 -0.71) (layer B.SilkS) (width 0.12))
    (fp_line (start -1.68 -0.95) (end -1.68 0.95) (layer B.CrtYd) (width 0.05))
    (fp_line (start -1.68 0.95) (end 1.68 0.95) (layer B.CrtYd) (width 0.05))
    (fp_line (start 1.68 0.95) (end 1.68 -0.95) (layer B.CrtYd) (width 0.05))
    (fp_line (start 1.68 -0.95) (end -1.68 -0.95) (layer B.CrtYd) (width 0.05))
    (fp_text user %R (at 0 0 270) (layer B.Fab)
      (effects (font (size 0.5 0.5) (thickness 0.08)) (justify mirror))
    )
    (pad 1 smd roundrect (at -0.9375 0 270) (size 0.975 1.4) (layers B.Cu B.Paste B.Mask) (roundrect_rratio 0.25))
    (pad 2 smd roundrect (at 0.9375 0 270) (size 0.975 1.4) (layers B.Cu B.Paste B.Mask) (roundrect_rratio 0.25)
      (net 55 "Net-(C20-Pad2)"))
    (model ${KISYS3DMOD}/Capacitor_SMD.3dshapes/C_0805_2012Metric.wrl
      (at (xyz 0 0 0))
      (scale (xyz 1 1 1))
      (rotate (xyz 0 0 0))
    )
  )

  (module Connector_PinHeader_2.54mm:PinHeader_1x06_P2.54mm_Vertical (layer B.Cu) (tedit 59FED5CC) (tstamp 5B9A5DBA)
    (at 144.399 91.694 180)
    (descr "Through hole straight pin header, 1x06, 2.54mm pitch, single row")
    (tags "Through hole pin header THT 1x06 2.54mm single row")
    (path /5B5A3E1E/5B9C756C)
    (fp_text reference J3 (at 0 2.33 180) (layer B.SilkS)
      (effects (font (size 1 1) (thickness 0.15)) (justify mirror))
    )
    (fp_text value Conn_01x06 (at 0 -15.03 180) (layer B.Fab)
      (effects (font (size 1 1) (thickness 0.15)) (justify mirror))
    )
    (fp_line (start -0.635 1.27) (end 1.27 1.27) (layer B.Fab) (width 0.1))
    (fp_line (start 1.27 1.27) (end 1.27 -13.97) (layer B.Fab) (width 0.1))
    (fp_line (start 1.27 -13.97) (end -1.27 -13.97) (layer B.Fab) (width 0.1))
    (fp_line (start -1.27 -13.97) (end -1.27 0.635) (layer B.Fab) (width 0.1))
    (fp_line (start -1.27 0.635) (end -0.635 1.27) (layer B.Fab) (width 0.1))
    (fp_line (start -1.33 -14.03) (end 1.33 -14.03) (layer B.SilkS) (width 0.12))
    (fp_line (start -1.33 -1.27) (end -1.33 -14.03) (layer B.SilkS) (width 0.12))
    (fp_line (start 1.33 -1.27) (end 1.33 -14.03) (layer B.SilkS) (width 0.12))
    (fp_line (start -1.33 -1.27) (end 1.33 -1.27) (layer B.SilkS) (width 0.12))
    (fp_line (start -1.33 0) (end -1.33 1.33) (layer B.SilkS) (width 0.12))
    (fp_line (start -1.33 1.33) (end 0 1.33) (layer B.SilkS) (width 0.12))
    (fp_line (start -1.8 1.8) (end -1.8 -14.5) (layer B.CrtYd) (width 0.05))
    (fp_line (start -1.8 -14.5) (end 1.8 -14.5) (layer B.CrtYd) (width 0.05))
    (fp_line (start 1.8 -14.5) (end 1.8 1.8) (layer B.CrtYd) (width 0.05))
    (fp_line (start 1.8 1.8) (end -1.8 1.8) (layer B.CrtYd) (width 0.05))
    (fp_text user %R (at 0 -6.35 90) (layer B.Fab)
      (effects (font (size 1 1) (thickness 0.15)) (justify mirror))
    )
    (pad 1 thru_hole rect (at 0 0 180) (size 1.7 1.7) (drill 1) (layers *.Cu *.Mask))
    (pad 2 thru_hole oval (at 0 -2.54 180) (size 1.7 1.7) (drill 1) (layers *.Cu *.Mask)
      (net 60 "Net-(J3-Pad2)"))
    (pad 3 thru_hole oval (at 0 -5.08 180) (size 1.7 1.7) (drill 1) (layers *.Cu *.Mask)
      (net 61 "Net-(J3-Pad3)"))
    (pad 4 thru_hole oval (at 0 -7.62 180) (size 1.7 1.7) (drill 1) (layers *.Cu *.Mask)
      (net 22 /MCU328/RXD/PD0))
    (pad 5 thru_hole oval (at 0 -10.16 180) (size 1.7 1.7) (drill 1) (layers *.Cu *.Mask)
      (net 23 /MCU328/TXD/PD1))
    (pad 6 thru_hole oval (at 0 -12.7 180) (size 1.7 1.7) (drill 1) (layers *.Cu *.Mask)
      (net 62 "Net-(J3-Pad6)"))
    (model ${KISYS3DMOD}/Connector_PinHeader_2.54mm.3dshapes/PinHeader_1x06_P2.54mm_Vertical.wrl
      (at (xyz 0 0 0))
      (scale (xyz 1 1 1))
      (rotate (xyz 0 0 0))
    )
  )

  (module Connector_PinHeader_2.54mm:PinHeader_2x03_P2.54mm_Vertical (layer B.Cu) (tedit 59FED5CC) (tstamp 5B9A5DA0)
    (at 119.634 91.059 90)
    (descr "Through hole straight pin header, 2x03, 2.54mm pitch, double rows")
    (tags "Through hole pin header THT 2x03 2.54mm double row")
    (path /5B5A3E1E/5B9B73F7)
    (fp_text reference J2 (at 1.27 2.33 90) (layer B.SilkS)
      (effects (font (size 1 1) (thickness 0.15)) (justify mirror))
    )
    (fp_text value Conn_02x03_Odd_Even (at 1.27 -7.41 90) (layer B.Fab)
      (effects (font (size 1 1) (thickness 0.15)) (justify mirror))
    )
    (fp_line (start 0 1.27) (end 3.81 1.27) (layer B.Fab) (width 0.1))
    (fp_line (start 3.81 1.27) (end 3.81 -6.35) (layer B.Fab) (width 0.1))
    (fp_line (start 3.81 -6.35) (end -1.27 -6.35) (layer B.Fab) (width 0.1))
    (fp_line (start -1.27 -6.35) (end -1.27 0) (layer B.Fab) (width 0.1))
    (fp_line (start -1.27 0) (end 0 1.27) (layer B.Fab) (width 0.1))
    (fp_line (start -1.33 -6.41) (end 3.87 -6.41) (layer B.SilkS) (width 0.12))
    (fp_line (start -1.33 -1.27) (end -1.33 -6.41) (layer B.SilkS) (width 0.12))
    (fp_line (start 3.87 1.33) (end 3.87 -6.41) (layer B.SilkS) (width 0.12))
    (fp_line (start -1.33 -1.27) (end 1.27 -1.27) (layer B.SilkS) (width 0.12))
    (fp_line (start 1.27 -1.27) (end 1.27 1.33) (layer B.SilkS) (width 0.12))
    (fp_line (start 1.27 1.33) (end 3.87 1.33) (layer B.SilkS) (width 0.12))
    (fp_line (start -1.33 0) (end -1.33 1.33) (layer B.SilkS) (width 0.12))
    (fp_line (start -1.33 1.33) (end 0 1.33) (layer B.SilkS) (width 0.12))
    (fp_line (start -1.8 1.8) (end -1.8 -6.85) (layer B.CrtYd) (width 0.05))
    (fp_line (start -1.8 -6.85) (end 4.35 -6.85) (layer B.CrtYd) (width 0.05))
    (fp_line (start 4.35 -6.85) (end 4.35 1.8) (layer B.CrtYd) (width 0.05))
    (fp_line (start 4.35 1.8) (end -1.8 1.8) (layer B.CrtYd) (width 0.05))
    (fp_text user %R (at 1.27 -2.54) (layer B.Fab)
      (effects (font (size 1 1) (thickness 0.15)) (justify mirror))
    )
    (pad 1 thru_hole rect (at 0 0 90) (size 1.7 1.7) (drill 1) (layers *.Cu *.Mask)
      (net 57 "Net-(J2-Pad1)"))
    (pad 2 thru_hole oval (at 2.54 0 90) (size 1.7 1.7) (drill 1) (layers *.Cu *.Mask)
      (net 6 +5V))
    (pad 3 thru_hole oval (at 0 -2.54 90) (size 1.7 1.7) (drill 1) (layers *.Cu *.Mask)
      (net 58 "Net-(J2-Pad3)"))
    (pad 4 thru_hole oval (at 2.54 -2.54 90) (size 1.7 1.7) (drill 1) (layers *.Cu *.Mask)
      (net 56 "Net-(J2-Pad4)"))
    (pad 5 thru_hole oval (at 0 -5.08 90) (size 1.7 1.7) (drill 1) (layers *.Cu *.Mask)
      (net 53 "Net-(J2-Pad5)"))
    (pad 6 thru_hole oval (at 2.54 -5.08 90) (size 1.7 1.7) (drill 1) (layers *.Cu *.Mask))
    (model ${KISYS3DMOD}/Connector_PinHeader_2.54mm.3dshapes/PinHeader_2x03_P2.54mm_Vertical.wrl
      (at (xyz 0 0 0))
      (scale (xyz 1 1 1))
      (rotate (xyz 0 0 0))
    )
  )

  (module LED_SMD:LED_1206_3216Metric_Castellated (layer B.Cu) (tedit 5B301BBE) (tstamp 5B9A5BB0)
    (at 110.109 89.789 90)
    (descr "LED SMD 1206 (3216 Metric), castellated end terminal, IPC_7351 nominal, (Body size source: http://www.tortai-tech.com/upload/download/2011102023233369053.pdf), generated with kicad-footprint-generator")
    (tags "LED castellated")
    (path /5BA0AF58)
    (attr smd)
    (fp_text reference D13 (at 0 1.78 90) (layer B.SilkS)
      (effects (font (size 1 1) (thickness 0.15)) (justify mirror))
    )
    (fp_text value LED (at 0 -1.78 90) (layer B.Fab)
      (effects (font (size 1 1) (thickness 0.15)) (justify mirror))
    )
    (fp_line (start 1.6 0.8) (end -1.2 0.8) (layer B.Fab) (width 0.1))
    (fp_line (start -1.2 0.8) (end -1.6 0.4) (layer B.Fab) (width 0.1))
    (fp_line (start -1.6 0.4) (end -1.6 -0.8) (layer B.Fab) (width 0.1))
    (fp_line (start -1.6 -0.8) (end 1.6 -0.8) (layer B.Fab) (width 0.1))
    (fp_line (start 1.6 -0.8) (end 1.6 0.8) (layer B.Fab) (width 0.1))
    (fp_line (start 1.6 1.085) (end -2.485 1.085) (layer B.SilkS) (width 0.12))
    (fp_line (start -2.485 1.085) (end -2.485 -1.085) (layer B.SilkS) (width 0.12))
    (fp_line (start -2.485 -1.085) (end 1.6 -1.085) (layer B.SilkS) (width 0.12))
    (fp_line (start -2.48 -1.08) (end -2.48 1.08) (layer B.CrtYd) (width 0.05))
    (fp_line (start -2.48 1.08) (end 2.48 1.08) (layer B.CrtYd) (width 0.05))
    (fp_line (start 2.48 1.08) (end 2.48 -1.08) (layer B.CrtYd) (width 0.05))
    (fp_line (start 2.48 -1.08) (end -2.48 -1.08) (layer B.CrtYd) (width 0.05))
    (fp_text user %R (at 0 0 90) (layer B.Fab)
      (effects (font (size 0.8 0.8) (thickness 0.12)) (justify mirror))
    )
    (pad 1 smd roundrect (at -1.425 0 90) (size 1.6 1.65) (layers B.Cu B.Paste B.Mask) (roundrect_rratio 0.15625))
    (pad 2 smd roundrect (at 1.425 0 90) (size 1.6 1.65) (layers B.Cu B.Paste B.Mask) (roundrect_rratio 0.15625)
      (net 52 "Net-(D13-Pad2)"))
    (model ${KISYS3DMOD}/LED_SMD.3dshapes/LED_1206_3216Metric_Castellated.wrl
      (at (xyz 0 0 0))
      (scale (xyz 1 1 1))
      (rotate (xyz 0 0 0))
    )
  )

  (module LED_THT:LED_D3.0mm (layer F.Cu) (tedit 587A3A7B) (tstamp 5B9A5B79)
    (at 128.524 87.992406 180)
    (descr "LED, diameter 3.0mm, 2 pins")
    (tags "LED diameter 3.0mm 2 pins")
    (path /5B97E860)
    (fp_text reference D11 (at 1.27 -2.96 180) (layer F.SilkS)
      (effects (font (size 1 1) (thickness 0.15)))
    )
    (fp_text value LED (at 1.27 2.96 180) (layer F.Fab)
      (effects (font (size 1 1) (thickness 0.15)))
    )
    (fp_arc (start 1.27 0) (end -0.23 -1.16619) (angle 284.3) (layer F.Fab) (width 0.1))
    (fp_arc (start 1.27 0) (end -0.29 -1.235516) (angle 108.8) (layer F.SilkS) (width 0.12))
    (fp_arc (start 1.27 0) (end -0.29 1.235516) (angle -108.8) (layer F.SilkS) (width 0.12))
    (fp_arc (start 1.27 0) (end 0.229039 -1.08) (angle 87.9) (layer F.SilkS) (width 0.12))
    (fp_arc (start 1.27 0) (end 0.229039 1.08) (angle -87.9) (layer F.SilkS) (width 0.12))
    (fp_circle (center 1.27 0) (end 2.77 0) (layer F.Fab) (width 0.1))
    (fp_line (start -0.23 -1.16619) (end -0.23 1.16619) (layer F.Fab) (width 0.1))
    (fp_line (start -0.29 -1.236) (end -0.29 -1.08) (layer F.SilkS) (width 0.12))
    (fp_line (start -0.29 1.08) (end -0.29 1.236) (layer F.SilkS) (width 0.12))
    (fp_line (start -1.15 -2.25) (end -1.15 2.25) (layer F.CrtYd) (width 0.05))
    (fp_line (start -1.15 2.25) (end 3.7 2.25) (layer F.CrtYd) (width 0.05))
    (fp_line (start 3.7 2.25) (end 3.7 -2.25) (layer F.CrtYd) (width 0.05))
    (fp_line (start 3.7 -2.25) (end -1.15 -2.25) (layer F.CrtYd) (width 0.05))
    (pad 1 thru_hole rect (at 0 0 180) (size 1.8 1.8) (drill 0.9) (layers *.Cu *.Mask))
    (pad 2 thru_hole circle (at 2.54 0 180) (size 1.8 1.8) (drill 0.9) (layers *.Cu *.Mask)
      (net 50 "Net-(D11-Pad2)"))
    (model ${KISYS3DMOD}/LED_THT.3dshapes/LED_D3.0mm.wrl
      (at (xyz 0 0 0))
      (scale (xyz 1 1 1))
      (rotate (xyz 0 0 0))
    )
  )

  (module LED_THT:LED_D3.0mm (layer F.Cu) (tedit 587A3A7B) (tstamp 5B9A5B66)
    (at 128.524 101.327406 180)
    (descr "LED, diameter 3.0mm, 2 pins")
    (tags "LED diameter 3.0mm 2 pins")
    (path /5B987801)
    (fp_text reference D12 (at 1.27 -2.96 180) (layer F.SilkS)
      (effects (font (size 1 1) (thickness 0.15)))
    )
    (fp_text value LED (at 1.27 2.96 180) (layer F.Fab)
      (effects (font (size 1 1) (thickness 0.15)))
    )
    (fp_line (start 3.7 -2.25) (end -1.15 -2.25) (layer F.CrtYd) (width 0.05))
    (fp_line (start 3.7 2.25) (end 3.7 -2.25) (layer F.CrtYd) (width 0.05))
    (fp_line (start -1.15 2.25) (end 3.7 2.25) (layer F.CrtYd) (width 0.05))
    (fp_line (start -1.15 -2.25) (end -1.15 2.25) (layer F.CrtYd) (width 0.05))
    (fp_line (start -0.29 1.08) (end -0.29 1.236) (layer F.SilkS) (width 0.12))
    (fp_line (start -0.29 -1.236) (end -0.29 -1.08) (layer F.SilkS) (width 0.12))
    (fp_line (start -0.23 -1.16619) (end -0.23 1.16619) (layer F.Fab) (width 0.1))
    (fp_circle (center 1.27 0) (end 2.77 0) (layer F.Fab) (width 0.1))
    (fp_arc (start 1.27 0) (end 0.229039 1.08) (angle -87.9) (layer F.SilkS) (width 0.12))
    (fp_arc (start 1.27 0) (end 0.229039 -1.08) (angle 87.9) (layer F.SilkS) (width 0.12))
    (fp_arc (start 1.27 0) (end -0.29 1.235516) (angle -108.8) (layer F.SilkS) (width 0.12))
    (fp_arc (start 1.27 0) (end -0.29 -1.235516) (angle 108.8) (layer F.SilkS) (width 0.12))
    (fp_arc (start 1.27 0) (end -0.23 -1.16619) (angle 284.3) (layer F.Fab) (width 0.1))
    (pad 2 thru_hole circle (at 2.54 0 180) (size 1.8 1.8) (drill 0.9) (layers *.Cu *.Mask)
      (net 51 "Net-(D12-Pad2)"))
    (pad 1 thru_hole rect (at 0 0 180) (size 1.8 1.8) (drill 0.9) (layers *.Cu *.Mask))
    (model ${KISYS3DMOD}/LED_THT.3dshapes/LED_D3.0mm.wrl
      (at (xyz 0 0 0))
      (scale (xyz 1 1 1))
      (rotate (xyz 0 0 0))
    )
  )

  (module LED_THT:LED_D3.0mm (layer F.Cu) (tedit 587A3A7B) (tstamp 5B9A5B53)
    (at 128.524 74.022406 180)
    (descr "LED, diameter 3.0mm, 2 pins")
    (tags "LED diameter 3.0mm 2 pins")
    (path /5B96CBA2)
    (fp_text reference D10 (at 1.27 -2.96 180) (layer F.SilkS)
      (effects (font (size 1 1) (thickness 0.15)))
    )
    (fp_text value LED (at 1.27 2.96 180) (layer F.Fab)
      (effects (font (size 1 1) (thickness 0.15)))
    )
    (fp_arc (start 1.27 0) (end -0.23 -1.16619) (angle 284.3) (layer F.Fab) (width 0.1))
    (fp_arc (start 1.27 0) (end -0.29 -1.235516) (angle 108.8) (layer F.SilkS) (width 0.12))
    (fp_arc (start 1.27 0) (end -0.29 1.235516) (angle -108.8) (layer F.SilkS) (width 0.12))
    (fp_arc (start 1.27 0) (end 0.229039 -1.08) (angle 87.9) (layer F.SilkS) (width 0.12))
    (fp_arc (start 1.27 0) (end 0.229039 1.08) (angle -87.9) (layer F.SilkS) (width 0.12))
    (fp_circle (center 1.27 0) (end 2.77 0) (layer F.Fab) (width 0.1))
    (fp_line (start -0.23 -1.16619) (end -0.23 1.16619) (layer F.Fab) (width 0.1))
    (fp_line (start -0.29 -1.236) (end -0.29 -1.08) (layer F.SilkS) (width 0.12))
    (fp_line (start -0.29 1.08) (end -0.29 1.236) (layer F.SilkS) (width 0.12))
    (fp_line (start -1.15 -2.25) (end -1.15 2.25) (layer F.CrtYd) (width 0.05))
    (fp_line (start -1.15 2.25) (end 3.7 2.25) (layer F.CrtYd) (width 0.05))
    (fp_line (start 3.7 2.25) (end 3.7 -2.25) (layer F.CrtYd) (width 0.05))
    (fp_line (start 3.7 -2.25) (end -1.15 -2.25) (layer F.CrtYd) (width 0.05))
    (pad 1 thru_hole rect (at 0 0 180) (size 1.8 1.8) (drill 0.9) (layers *.Cu *.Mask))
    (pad 2 thru_hole circle (at 2.54 0 180) (size 1.8 1.8) (drill 0.9) (layers *.Cu *.Mask)
      (net 49 "Net-(D10-Pad2)"))
    (model ${KISYS3DMOD}/LED_THT.3dshapes/LED_D3.0mm.wrl
      (at (xyz 0 0 0))
      (scale (xyz 1 1 1))
      (rotate (xyz 0 0 0))
    )
  )

  (module Local:SP1MS1 (layer F.Cu) (tedit 5B6EE22D) (tstamp 5B9A59A6)
    (at 137.414 57.404)
    (path /5B91AA4F)
    (fp_text reference SW1 (at 0 2.54) (layer F.SilkS)
      (effects (font (size 1 1) (thickness 0.15)))
    )
    (fp_text value SW_SPDT_MSM (at 0 -2.54) (layer F.Fab)
      (effects (font (size 1 1) (thickness 0.15)))
    )
    (pad 1 thru_hole oval (at 0 4.7) (size 3.556 2.032) (drill oval 2.2 0.9) (layers *.Cu *.Mask)
      (net 5 /MCU328/PE0))
    (pad 2 thru_hole oval (at 0 0) (size 3.556 2.032) (drill oval 2.2 0.9) (layers *.Cu *.Mask))
    (pad 3 thru_hole oval (at 0 -4.7) (size 3.556 2.032) (drill oval 2.2 0.9) (layers *.Cu *.Mask)
      (net 7 /MCU328/PE1))
  )

  (module Local:SP1MS1 (layer F.Cu) (tedit 5B6EE22D) (tstamp 5B9A599F)
    (at 137.414 70.994)
    (path /5B8D8603)
    (fp_text reference SW2 (at 0 2.54) (layer F.SilkS)
      (effects (font (size 1 1) (thickness 0.15)))
    )
    (fp_text value SW_SPDT_MSM (at 0 -2.54) (layer F.Fab)
      (effects (font (size 1 1) (thickness 0.15)))
    )
    (pad 3 thru_hole oval (at 0 -4.7) (size 3.556 2.032) (drill oval 2.2 0.9) (layers *.Cu *.Mask)
      (net 15 /MCU328/PE3))
    (pad 2 thru_hole oval (at 0 0) (size 3.556 2.032) (drill oval 2.2 0.9) (layers *.Cu *.Mask))
    (pad 1 thru_hole oval (at 0 4.7) (size 3.556 2.032) (drill oval 2.2 0.9) (layers *.Cu *.Mask)
      (net 14 /MCU328/PE2))
  )

  (module Resistor_SMD:R_0805_2012Metric (layer B.Cu) (tedit 5B36C52B) (tstamp 5B9A58A2)
    (at 127.254 68.794)
    (descr "Resistor SMD 0805 (2012 Metric), square (rectangular) end terminal, IPC_7351 nominal, (Body size source: https://docs.google.com/spreadsheets/d/1BsfQQcO9C6DZCsRaXUlFlo91Tg2WpOkGARC1WS5S8t0/edit?usp=sharing), generated with kicad-footprint-generator")
    (tags resistor)
    (path /5B5A3E1E/5B9C17DE)
    (attr smd)
    (fp_text reference R27 (at 0 1.65) (layer B.SilkS)
      (effects (font (size 1 1) (thickness 0.15)) (justify mirror))
    )
    (fp_text value 10k (at 0 -1.65) (layer B.Fab)
      (effects (font (size 1 1) (thickness 0.15)) (justify mirror))
    )
    (fp_line (start -1 -0.6) (end -1 0.6) (layer B.Fab) (width 0.1))
    (fp_line (start -1 0.6) (end 1 0.6) (layer B.Fab) (width 0.1))
    (fp_line (start 1 0.6) (end 1 -0.6) (layer B.Fab) (width 0.1))
    (fp_line (start 1 -0.6) (end -1 -0.6) (layer B.Fab) (width 0.1))
    (fp_line (start -0.258578 0.71) (end 0.258578 0.71) (layer B.SilkS) (width 0.12))
    (fp_line (start -0.258578 -0.71) (end 0.258578 -0.71) (layer B.SilkS) (width 0.12))
    (fp_line (start -1.68 -0.95) (end -1.68 0.95) (layer B.CrtYd) (width 0.05))
    (fp_line (start -1.68 0.95) (end 1.68 0.95) (layer B.CrtYd) (width 0.05))
    (fp_line (start 1.68 0.95) (end 1.68 -0.95) (layer B.CrtYd) (width 0.05))
    (fp_line (start 1.68 -0.95) (end -1.68 -0.95) (layer B.CrtYd) (width 0.05))
    (fp_text user %R (at 0 0) (layer B.Fab)
      (effects (font (size 0.5 0.5) (thickness 0.08)) (justify mirror))
    )
    (pad 1 smd roundrect (at -0.9375 0) (size 0.975 1.4) (layers B.Cu B.Paste B.Mask) (roundrect_rratio 0.25)
      (net 6 +5V))
    (pad 2 smd roundrect (at 0.9375 0) (size 0.975 1.4) (layers B.Cu B.Paste B.Mask) (roundrect_rratio 0.25)
      (net 53 "Net-(J2-Pad5)"))
    (model ${KISYS3DMOD}/Resistor_SMD.3dshapes/R_0805_2012Metric.wrl
      (at (xyz 0 0 0))
      (scale (xyz 1 1 1))
      (rotate (xyz 0 0 0))
    )
  )

  (module Resistor_SMD:R_0805_2012Metric (layer B.Cu) (tedit 5B36C52B) (tstamp 5B9A5891)
    (at 110.109 84.709 270)
    (descr "Resistor SMD 0805 (2012 Metric), square (rectangular) end terminal, IPC_7351 nominal, (Body size source: https://docs.google.com/spreadsheets/d/1BsfQQcO9C6DZCsRaXUlFlo91Tg2WpOkGARC1WS5S8t0/edit?usp=sharing), generated with kicad-footprint-generator")
    (tags resistor)
    (path /5BA0AF51)
    (attr smd)
    (fp_text reference R28 (at 0 1.65 270) (layer B.SilkS)
      (effects (font (size 1 1) (thickness 0.15)) (justify mirror))
    )
    (fp_text value 330 (at 0 -1.65 270) (layer B.Fab)
      (effects (font (size 1 1) (thickness 0.15)) (justify mirror))
    )
    (fp_text user %R (at 0 0 270) (layer B.Fab)
      (effects (font (size 0.5 0.5) (thickness 0.08)) (justify mirror))
    )
    (fp_line (start 1.68 -0.95) (end -1.68 -0.95) (layer B.CrtYd) (width 0.05))
    (fp_line (start 1.68 0.95) (end 1.68 -0.95) (layer B.CrtYd) (width 0.05))
    (fp_line (start -1.68 0.95) (end 1.68 0.95) (layer B.CrtYd) (width 0.05))
    (fp_line (start -1.68 -0.95) (end -1.68 0.95) (layer B.CrtYd) (width 0.05))
    (fp_line (start -0.258578 -0.71) (end 0.258578 -0.71) (layer B.SilkS) (width 0.12))
